0
0
0
68000
68000
68000
68000
68000
68000
68000
68000
68000
0
0
0
0
0
0
0
221000
221000
221000
221000
221000
0
0
0
0
0
0
0
0
0
0
0
0
0
0
0
0
0
0
0
0
0
0
0
0
0
0
0
0
0
0
0
0
0
0
0
0
0
0
0
0
0
0
0
0
0
0
0
0
0
0
0
0
0
0
0
0
0
0
0
0
0
0
0
0
0
0
0
0
0
0
0
0
0
0
0
0
0
0
0
0
0
0
0
0
0
0
0
0
0
0
0
0
0
0
0
0
0
0
0
0
0
0
0
0
0
0
0
0
0
0
0
0
0
0
0
0
0
0
0
0
0
0
0
0
0
0
0
0
0
0
0
0
0
0
0
0
0
0
0
0
0
0
0
0
0
0
0
0
0
0
0
0
0
0
0
0
0
0
0
0
0
0
0
0
0
0
0
0
0
0
0
0
0
0
0
0
0
0
0
0
0
0
0
0
0
0
0
0
0
0
0
0
0
0
0
0
0
0
0
0
0
0
0
0
0
0
0
0
0
0
0
0
0
0
0
0
0
0
0
0
0
0
0
0
0
0
0
0
0
0
109000
109000
109000
109000
109000
109000
109000
109000
109000
109000
0
0
0
0
0
0
0
0
0
0
0
0
0
0
0
0
0
0
0
0
0
0
0
0
0
0
0
0
0
0
0
0
0
0
0
0
0
0
0
0
0
0
0
0
0
0
0
0
0
0
0
0
0
0
0
0
0
0
0
0
0
98000
98000
98000
98000
98000
98000
98000
98000
98000
98000
98000
0
0
0
0
0
0
0
0
0
0
0
0
0
0
0
0
0
0
0
0
0
256000
256000
256000
0
0
0
0
0
0
0
184000
184000
184000
184000
184000
0
0
0
0
0
0
0
0
0
0
0
0
0
117000
117000
117000
117000
117000
117000
117000
117000
117000
117000
117000
0
0
0
0
0
0
0
0
0
0
0
0
0
0
0
0
0
0
0
0
0
0
0
0
0
0
0
0
0
0
0
0
0
0
486000
486000
0
0
0
0
0
0
0
0
0
0
0
0
0
0
0
0
0
0
0
135000
135000
135000
135000
436000
0
0
0
0
0
0
0
0
0
0
0
0
0
0
0
0
0
0
0
0
0
0
0
0
0
0
0
0
0
0
0
0
197000
197000
197000
197000
0
0
0
0
0
0
0
0
0
0
368000
368000
0
0
0
0
0
0
0
0
0
0
0
0
0
0
0
0
0
0
0
0
0
0
0
0
0
220000
220000
220000
220000
220000
220000
220000
220000
220000
220000
220000
0
243000
243000
243000
243000
243000
243000
243000
243000
243000
243000
243000
0
0
0
0
0
0
0
0
0
0
0
0
99000
99000
99000
99000
99000
99000
99000
99000
99000
99000
99000
99000
0
0
0
0
0
0
0
0
0
0
0
0
0
0
0
0
0
0
0
0
0
0
0
0
0
0
0
0
0
0
288000
288000
288000
288000
288000
288000
