0
0
0
0
0
0
0
0
0
0
0
0
0
0
0
0
0
0
0
0
0
0
0
0
0
60000
60000
60000
60000
60000
60000
60000
60000
60000
60000
60000
0
0
0
0
0
0
0
0
0
0
0
0
0
0
0
0
0
0
0
0
317000
317000
317000
317000
0
0
0
0
0
0
0
0
344000
344000
344000
344000
0
0
0
0
0
0
0
161000
161000
161000
161000
161000
110000
110000
110000
110000
110000
110000
110000
110000
110000
110000
110000
110000
0
0
0
0
0
0
0
0
0
0
0
0
0
0
0
0
0
0
0
0
0
0
0
0
0
0
0
0
0
0
0
0
0
0
0
0
0
0
128000
128000
128000
128000
128000
192000
192000
192000
192000
192000
0
0
0
0
0
0
0
0
0
0
0
0
0
0
0
0
0
0
0
0
0
0
0
0
0
0
0
0
0
0
0
0
89000
89000
89000
89000
0
0
0
0
0
551000
551000
551000
551000
551000
551000
551000
0
0
0
0
0
0
0
134000
134000
134000
134000
134000
0
0
0
0
0
0
0
0
0
0
0
0
0
0
0
0
0
0
0
0
0
0
0
0
0
189000
189000
189000
189000
189000
189000
189000
189000
189000
189000
189000
0
96000
389000
389000
389000
389000
389000
389000
389000
389000
389000
389000
0
0
0
0
0
0
0
0
0
0
0
0
0
0
0
0
0
0
0
0
0
0
0
0
62000
62000
62000
62000
62000
62000
62000
62000
62000
62000
62000
62000
0
0
0
0
0
0
0
0
0
0
0
0
0
0
0
0
0
0
0
0
0
0
0
0
0
0
0
0
0
0
0
0
0
0
0
0
0
0
0
0
0
0
0
131000
131000
131000
131000
0
0
0
0
0
0
0
0
0
0
0
0
0
0
0
0
0
0
0
0
0
0
0
0
0
0
0
0
0
131000
131000
131000
249000
249000
249000
249000
0
0
0
0
0
0
149000
149000
149000
149000
149000
149000
0
0
0
0
0
0
0
0
0
0
0
0
0
0
0
0
0
0
0
0
0
0
0
0
0
0
0
0
0
0
0
0
0
329000
329000
329000
0
0
0
0
0
0
142000
142000
142000
142000
142000
142000
0
0
0
0
0
0
0
0
0
0
0
0
0
0
0
0
0
0
0
0
0
0
83000
83000
0
0
0
0
0
0
0
0
0
0
0
0
0
0
0
0
0
0
0
0
0
0
0
0
0
0
0
0
0
0
0
0
0
0
0
0
0
0
0
0
0
0
0
0
0
0
0
0
0
0
0
0
0
0
0
0
0
0
0
0
0
0
0
0
0
0
0
0
0
0
0
0
0
0
0
0
0
0
0
0
0
0
0
0
0
0
0
0
0
0
0
0
0
0
0
0
0
0
0
0
0
0
68000
68000
68000
68000
68000
68000
0
0
0
0
0
0
0
0
0
0
0
0
0
0
0
0
0
0
0
0
0
0
0
0
0
0
0
0
0
0
0
0
0
0
0
0
0
0
0
0
0
0
0
0
0
0
0
0
