0
0
285000
285000
285000
285000
285000
285000
285000
285000
285000
285000
0
0
0
0
0
0
0
0
0
0
0
0
0
0
0
0
0
0
0
0
0
0
180000
180000
180000
180000
180000
180000
180000
180000
180000
180000
180000
180000
0
0
0
0
0
0
0
0
0
0
0
0
0
0
0
0
0
0
0
0
0
0
0
0
0
0
0
0
0
0
0
0
0
0
0
121000
0
0
0
0
191000
191000
191000
191000
191000
191000
191000
191000
0
0
0
0
0
0
0
0
0
0
0
0
0
0
0
0
0
0
0
0
0
0
0
0
0
0
0
0
0
0
0
0
0
0
0
0
0
0
0
0
0
0
0
0
0
0
0
0
0
0
102000
102000
102000
102000
102000
102000
102000
102000
102000
102000
0
0
0
420000
420000
420000
420000
420000
420000
420000
420000
420000
0
0
0
0
0
0
0
0
0
0
0
0
153000
153000
153000
153000
153000
153000
153000
153000
153000
153000
153000
153000
0
0
0
0
0
0
0
0
0
0
0
0
0
0
0
0
0
0
0
0
0
0
0
0
0
0
0
0
0
0
0
0
0
0
0
0
0
0
0
0
0
0
0
0
0
0
0
0
0
0
0
0
0
0
0
0
0
0
0
0
0
0
0
0
0
0
0
0
0
0
0
233000
233000
233000
233000
291000
291000
291000
291000
291000
291000
291000
291000
307000
307000
307000
307000
307000
307000
307000
307000
307000
307000
307000
307000
0
0
0
0
0
0
0
0
0
0
0
141000
0
0
0
0
0
0
0
0
0
0
0
0
0
0
0
0
0
0
0
0
0
0
0
0
0
0
188000
188000
188000
188000
188000
188000
188000
188000
188000
188000
0
0
0
0
0
0
0
0
0
0
0
0
0
0
0
0
0
0
174000
174000
174000
174000
174000
174000
0
0
0
0
0
0
0
0
0
0
203000
0
0
0
0
0
0
0
0
0
0
0
0
0
0
0
0
0
0
0
0
0
0
0
0
0
0
0
0
0
0
648000
648000
648000
648000
648000
648000
0
0
0
0
0
0
0
0
0
0
0
0
0
0
157000
157000
350000
350000
350000
350000
350000
350000
350000
350000
0
0
0
0
0
0
0
0
0
0
0
0
0
0
0
0
0
0
0
0
0
0
0
0
0
0
0
0
0
0
0
0
205000
205000
205000
205000
0
62000
62000
62000
62000
62000
62000
62000
62000
62000
62000
62000
0
0
0
0
0
0
0
0
0
0
0
0
0
0
115000
115000
115000
115000
115000
115000
115000
115000
115000
115000
0
0
0
0
0
0
0
0
0
0
0
0
0
0
0
0
0
0
0
0
0
0
0
0
0
0
0
0
0
0
0
0
0
0
198000
198000
0
0
0
0
0
0
0
0
0
226000
226000
226000
0
0
0
0
0
0
0
0
0
0
0
0
0
0
0
0
0
0
0
0
0
0
0
0
0
0
0
0
0
0
0
0
0
0
0
0
0
0
0
0
0
0
0
0
0
0
0
0
0
0
0
0
76000
76000
76000
76000
76000
76000
76000
