0
0
0
0
0
0
0
0
0
0
0
0
0
0
0
0
0
0
0
0
0
0
0
0
0
0
0
0
0
0
0
0
0
0
0
0
0
0
0
0
0
0
108000
108000
108000
803000
803000
803000
0
0
0
0
0
0
0
0
0
0
0
0
0
0
0
0
0
0
0
0
0
0
0
0
0
0
0
0
0
0
0
0
0
0
0
0
0
0
0
0
0
0
0
0
0
0
0
0
0
0
0
0
0
0
0
0
0
0
0
0
0
0
158000
158000
158000
158000
158000
158000
158000
158000
158000
158000
0
0
0
0
0
0
0
0
0
0
0
0
0
0
0
0
0
0
87000
87000
87000
87000
87000
87000
0
0
0
0
0
0
0
0
0
0
0
0
0
0
0
0
0
0
0
0
0
0
0
0
0
0
0
0
0
0
0
0
0
0
0
0
0
137000
137000
137000
137000
137000
137000
137000
137000
137000
137000
137000
0
0
0
0
0
0
0
0
0
0
0
0
0
0
0
0
0
0
0
0
0
0
0
0
0
0
0
0
0
0
0
0
0
0
0
138000
0
0
0
0
0
0
179000
179000
179000
179000
179000
179000
0
0
0
0
0
0
131000
131000
131000
194000
194000
194000
0
45000
45000
45000
45000
45000
45000
45000
45000
45000
45000
45000
0
0
0
0
0
0
0
0
0
0
0
0
0
0
0
0
0
0
0
0
0
0
0
0
0
0
0
0
0
0
0
0
0
0
0
0
0
0
0
0
0
0
0
0
0
0
0
0
0
0
0
0
0
0
0
0
0
0
0
0
0
0
0
0
0
0
0
0
0
0
0
0
0
0
85000
85000
85000
85000
85000
85000
85000
85000
85000
85000
0
0
0
0
0
128000
128000
128000
128000
128000
128000
128000
0
0
0
0
0
0
0
0
0
0
0
0
0
0
0
0
0
0
585000
585000
585000
585000
585000
585000
0
234000
234000
234000
234000
234000
234000
234000
234000
234000
234000
234000
0
0
0
0
0
0
0
0
152000
152000
152000
152000
0
0
0
0
0
0
0
0
0
0
0
0
0
0
0
0
0
0
0
0
0
0
0
0
0
0
0
0
0
0
0
0
0
0
0
0
0
0
0
0
0
0
0
0
0
0
0
0
324000
324000
324000
324000
324000
324000
324000
324000
324000
324000
324000
324000
0
0
0
0
0
0
0
0
0
0
0
0
0
0
0
0
0
0
0
0
0
0
0
0
0
0
0
0
0
0
0
0
0
0
0
0
0
0
0
0
0
0
0
0
0
0
0
0
0
0
0
0
0
0
0
0
0
0
0
0
0
0
0
0
0
0
0
0
0
0
0
281000
281000
281000
281000
281000
281000
281000
281000
281000
281000
281000
281000
0
0
0
0
0
0
0
0
0
0
0
0
0
0
0
0
0
0
0
0
0
0
0
0
46000
46000
46000
46000
46000
46000
46000
46000
46000
46000
46000
46000
0
0
0
0
0
0
0
0
0
0
70000
70000
0
0
0
0
0
0
0
0
0
0
0
0
