0
0
0
0
0
0
0
0
0
0
0
0
0
0
0
0
0
0
0
0
0
0
0
0
0
0
0
0
0
0
0
0
0
0
0
0
0
0
0
0
0
0
0
0
0
0
0
0
0
0
0
0
0
0
0
0
0
0
0
0
0
373000
373000
373000
373000
373000
373000
373000
373000
373000
373000
373000
0
0
0
0
0
0
0
0
0
0
0
0
0
0
0
0
0
0
0
0
1546000
1546000
1546000
1546000
0
0
0
0
0
0
0
0
0
0
0
159000
0
0
0
0
0
0
0
0
0
0
0
0
0
0
0
0
0
0
0
0
0
0
0
0
0
0
0
0
322000
322000
322000
322000
322000
322000
322000
322000
0
182000
182000
182000
182000
182000
397000
397000
397000
397000
397000
397000
0
0
0
0
0
0
0
0
0
0
0
0
0
0
0
0
0
0
0
0
0
0
0
0
0
0
0
0
0
0
0
0
0
0
0
0
0
0
0
0
0
0
0
0
0
0
0
0
0
0
0
0
0
0
0
0
0
0
0
0
0
0
0
0
0
0
0
0
0
0
0
0
0
0
0
0
0
0
0
0
0
152000
152000
152000
0
0
0
117000
117000
117000
117000
117000
117000
117000
117000
117000
0
0
0
0
0
0
0
0
0
299000
299000
299000
0
0
0
0
0
0
0
0
0
0
0
0
0
0
0
0
0
0
0
0
0
0
285000
285000
0
0
0
0
0
0
0
0
124000
124000
124000
124000
0
0
395000
395000
395000
395000
395000
395000
395000
395000
395000
395000
0
0
0
0
0
0
95000
95000
95000
95000
95000
95000
0
0
0
0
0
0
0
0
0
0
0
0
0
0
0
0
0
0
0
0
0
0
0
0
0
0
0
0
0
0
0
0
0
103000
103000
103000
0
0
0
0
0
0
0
0
0
0
0
0
0
0
0
0
0
0
0
0
0
570000
570000
570000
0
0
0
0
0
0
0
0
0
0
0
0
0
0
0
0
0
0
0
0
0
0
0
0
0
0
0
0
0
0
0
0
0
0
0
0
0
0
0
0
0
0
0
0
0
0
0
88000
0
0
0
0
0
0
0
0
0
0
0
0
0
0
0
0
0
0
0
0
0
0
0
0
0
0
0
0
0
0
0
0
0
0
0
0
0
0
0
0
0
0
0
0
127000
127000
127000
127000
0
0
0
0
0
0
381000
381000
381000
381000
381000
381000
0
0
0
0
0
0
0
0
0
0
0
0
0
0
314000
314000
314000
314000
314000
314000
314000
314000
314000
314000
0
0
0
0
0
0
0
0
0
0
0
0
0
0
0
0
0
0
0
0
0
0
0
0
0
0
0
0
0
0
0
157000
157000
157000
157000
157000
0
0
0
0
0
0
0
0
0
0
0
0
0
0
0
0
0
0
0
0
0
0
0
0
0
50000
50000
50000
50000
50000
50000
50000
50000
50000
50000
50000
0
0
0
0
0
0
0
0
0
0
0
0
0
0
0
0
0
0
0
0
0
0
0
0
