0
0
0
0
0
0
0
0
0
0
0
0
117000
117000
117000
117000
117000
117000
117000
117000
117000
117000
117000
117000
0
0
0
0
0
0
0
0
0
0
0
0
0
334000
334000
334000
334000
334000
334000
334000
334000
334000
334000
334000
0
0
0
0
0
0
0
0
0
0
0
0
0
0
0
0
0
0
0
0
0
0
0
0
198000
198000
198000
198000
198000
198000
198000
198000
198000
198000
198000
198000
0
0
0
0
0
0
0
0
0
0
0
0
0
0
0
0
0
0
0
0
0
0
0
0
0
0
0
0
0
0
0
0
0
0
0
0
0
0
0
0
0
0
0
0
0
0
0
0
0
0
0
0
0
0
0
0
0
0
0
0
0
0
0
0
0
0
0
0
0
0
0
0
0
0
0
0
0
0
0
0
0
0
0
0
0
0
0
0
0
0
0
0
0
0
0
0
0
0
0
0
0
0
0
0
0
0
0
0
0
0
0
0
0
0
0
0
0
0
0
0
0
0
0
0
0
0
0
0
0
0
0
0
0
0
85000
85000
85000
85000
85000
85000
85000
85000
85000
85000
0
0
0
0
0
0
0
85000
85000
85000
85000
85000
114000
114000
114000
114000
114000
114000
114000
114000
114000
114000
114000
114000
0
0
0
0
0
0
0
0
0
0
0
0
0
0
0
0
0
0
0
0
0
0
0
0
0
0
0
0
0
0
0
0
0
0
0
0
0
0
0
0
0
0
0
0
0
0
0
0
0
0
0
0
0
0
0
0
0
0
0
0
0
0
0
0
0
0
0
0
0
0
0
0
0
0
0
0
0
0
0
0
0
0
0
0
0
0
0
0
0
0
0
0
0
0
0
0
0
0
0
0
0
0
0
0
0
0
0
0
0
0
0
0
0
0
0
0
0
0
0
0
0
0
0
0
0
0
0
0
0
1062000
1062000
1062000
0
0
0
0
0
0
0
0
0
0
0
0
0
0
0
0
0
0
0
0
0
0
0
0
0
0
0
0
0
0
0
0
0
530000
530000
530000
0
0
0
0
0
0
0
0
0
0
0
0
0
87000
87000
87000
87000
87000
87000
87000
87000
87000
87000
87000
0
0
0
0
0
0
0
0
0
0
0
0
0
0
0
0
0
0
0
0
0
754000
754000
754000
0
0
0
0
0
0
0
0
0
0
0
0
84000
84000
84000
84000
84000
84000
84000
84000
84000
84000
84000
0
110000
110000
110000
110000
110000
110000
110000
110000
182000
182000
182000
0
0
0
0
0
0
0
0
0
0
0
0
0
0
0
0
0
0
0
0
0
0
0
0
0
0
0
0
0
0
0
0
0
0
0
0
0
0
0
0
0
0
0
0
0
0
0
0
0
0
0
0
0
0
0
196000
196000
196000
196000
196000
0
0
0
0
0
0
0
0
0
0
0
0
0
0
0
0
0
0
0
0
0
0
0
0
0
0
0
0
0
0
0
0
0
0
0
0
0
127000
127000
220000
220000
220000
220000
220000
220000
220000
220000
220000
