0
0
0
0
0
0
0
0
0
0
0
0
0
0
101000
101000
101000
101000
101000
101000
101000
101000
101000
101000
0
285000
285000
285000
285000
285000
285000
285000
285000
285000
285000
285000
0
0
0
0
0
0
0
0
0
0
0
0
0
0
0
0
0
0
0
0
0
0
0
0
0
136000
136000
136000
136000
136000
136000
136000
136000
136000
136000
136000
0
0
0
0
0
0
0
0
0
0
0
0
0
0
0
0
0
0
0
0
0
0
0
0
0
0
0
0
0
0
0
0
0
0
0
0
0
0
0
0
0
0
0
0
0
0
0
0
0
0
0
0
0
0
0
0
0
0
0
0
0
0
0
0
0
0
0
0
0
0
0
0
0
0
0
0
0
0
0
0
0
0
0
0
0
0
0
0
0
0
0
0
0
0
0
0
0
0
0
0
0
0
0
169000
169000
169000
169000
169000
0
0
0
0
0
0
0
0
0
0
0
0
0
0
0
0
0
0
0
0
0
0
0
0
0
0
0
0
0
0
0
0
0
0
0
0
0
0
0
0
0
0
0
0
0
0
0
0
0
0
0
0
0
0
0
0
0
0
0
0
0
0
0
0
0
0
0
0
0
0
0
0
0
0
0
0
0
0
0
0
0
0
0
0
0
0
0
0
0
0
0
0
0
0
0
0
0
0
196000
196000
196000
196000
196000
196000
196000
196000
196000
196000
0
0
0
0
0
0
0
0
0
0
0
0
0
0
0
0
134000
134000
134000
134000
134000
134000
134000
134000
0
0
0
0
0
0
0
0
0
0
0
0
0
0
165000
165000
165000
165000
165000
165000
165000
165000
165000
165000
0
0
0
0
0
0
0
0
0
0
0
0
0
0
0
0
0
0
304000
304000
304000
304000
304000
304000
0
0
0
0
0
0
0
0
0
0
0
0
0
164000
164000
164000
164000
164000
164000
164000
164000
164000
164000
164000
0
0
0
0
0
0
0
0
0
0
0
0
0
0
105000
258000
258000
258000
258000
258000
258000
258000
258000
258000
0
0
0
0
0
0
0
0
0
0
0
0
0
0
0
0
0
0
0
0
0
0
0
0
0
0
0
110000
110000
110000
110000
110000
110000
110000
147000
147000
0
0
0
0
0
0
0
0
0
0
0
0
0
0
0
0
0
0
0
0
0
0
0
0
0
0
0
0
0
0
0
0
0
0
0
0
0
0
0
0
0
0
0
0
0
0
288000
288000
0
0
0
0
0
0
0
0
0
0
0
0
0
0
0
0
0
0
0
0
0
0
0
0
0
0
0
0
0
0
0
0
0
0
0
0
0
0
0
0
0
0
0
0
0
0
0
0
0
0
0
0
0
0
0
0
0
0
0
0
0
0
0
0
0
0
0
161000
161000
161000
161000
161000
0
0
0
0
0
0
0
0
0
0
0
0
0
0
0
0
0
0
0
0
0
0
0
0
0
0
0
0
0
0
0
0
0
0
0
0
0
0
0
0
0
0
0
0
0
0
0
0
