0
0
0
0
0
0
0
0
0
0
0
0
0
0
0
0
0
0
0
0
0
0
0
0
0
0
0
0
0
0
0
0
0
0
0
0
0
0
172000
240000
240000
240000
240000
240000
240000
240000
240000
240000
0
0
0
0
0
0
0
0
0
0
291000
291000
0
0
0
0
0
0
0
0
0
0
0
0
0
0
0
0
0
0
0
0
0
0
0
0
0
73000
73000
73000
73000
73000
73000
73000
73000
73000
73000
73000
0
0
0
0
0
0
0
0
0
0
0
0
0
0
0
0
55000
55000
55000
55000
55000
55000
55000
55000
0
0
0
0
0
0
0
0
0
0
0
0
342000
342000
342000
342000
342000
342000
342000
342000
342000
342000
342000
342000
0
0
0
0
0
0
0
0
0
0
0
0
0
0
98000
98000
98000
98000
98000
98000
98000
98000
98000
98000
0
0
0
0
0
0
0
0
154000
154000
154000
154000
0
0
0
0
0
0
0
0
0
0
0
0
0
0
0
0
0
0
0
0
0
0
0
0
0
199000
199000
199000
199000
199000
199000
199000
199000
199000
199000
199000
0
0
0
0
0
0
0
0
87000
87000
87000
87000
0
0
0
0
0
0
0
0
0
0
0
0
0
0
0
0
0
0
0
0
0
0
0
0
0
0
0
0
0
0
0
0
0
0
0
0
0
0
0
0
0
0
0
0
0
0
156000
156000
0
0
0
0
0
0
0
0
0
0
0
0
0
0
0
0
0
0
0
0
0
0
0
0
0
0
0
0
0
0
0
0
0
0
0
0
0
0
0
0
0
0
0
0
0
0
0
0
0
0
0
0
0
0
0
0
0
0
0
0
0
0
0
0
0
0
0
0
0
0
0
0
0
0
0
0
0
0
0
0
0
0
0
0
0
0
773000
773000
773000
773000
773000
773000
773000
773000
773000
773000
0
0
0
0
0
0
0
0
0
0
0
0
0
0
0
0
0
0
0
0
0
0
0
0
0
0
0
0
0
0
0
0
0
0
0
0
0
0
0
0
0
0
0
0
0
0
0
0
0
0
0
0
0
0
0
0
0
0
0
0
0
0
0
0
0
0
0
0
0
0
0
0
0
0
0
0
0
0
0
0
0
0
0
0
0
0
0
0
0
0
0
0
0
202000
202000
202000
0
0
0
0
0
0
0
0
0
0
0
0
82000
82000
142000
142000
142000
142000
142000
142000
142000
142000
142000
142000
152000
152000
152000
152000
152000
152000
152000
152000
196000
196000
196000
196000
0
0
0
0
0
0
0
0
0
0
0
0
0
0
0
0
0
0
0
0
0
0
0
0
0
0
0
0
0
0
0
0
0
0
0
0
0
0
0
0
0
0
92000
92000
92000
92000
92000
92000
0
0
0
0
0
0
0
0
116000
116000
116000
116000
0
0
0
0
0
0
0
0
0
0
0
0
0
0
0
0
0
0
0
0
0
0
0
0
0
0
0
0
0
0
0
0
272000
272000
272000
272000
85000
85000
85000
85000
85000
85000
85000
85000
85000
85000
85000
85000
