0.2897 7.1 2.05687
0.1774 13.8 2.44812
0.1097 27.7 3.03869
0.1273 66.1 8.41453
0.1342 24.7 3.31474
0.1575 25.4 4.0005
0.1492 19.6 2.92432
0.1869 21.8 4.07442
0.1101 33.4 3.67734
0.1074 22.9 2.45946
0.1665 16.1 2.68065
0.4013 5 2.0065
0.1446 14.1 2.03886
0.1144 82.1 9.39224
0.1186 26.7 3.16662
0.1791 34.4 6.16104
0.1037 19.4 2.01178
0.1395 36.4 5.0778
0.1288 15.6 2.00928
0.1245 22.5 2.80125
0.1968 12.6 2.47968
0.146 28.6 4.1756
0.108 30.7 3.3156
0.2859 7.5 2.14425
0.1862 54.8 10.2038
0.2737 10.5 2.87385
0.121 20.4 2.4684
0.2835 7.5 2.12625
0.1082 27.5 2.9755
0.1045 24.6 2.5707
0.106 27.8 2.9468
0.1763 29 5.1127
0.1445 20.2 2.9189
0.2678 8.8 2.35664
0.1141 33.6 3.83376
0.2534 13.5 3.4209
0.1023 84.7 8.66481
0.1449 54.5 7.89705
0.1442 21.5 3.1003
0.1037 29.8 3.09026
0.102 25.6 2.6112
0.1152 18 2.0736
0.1115 212.8 23.7272
0.1886 29.3 5.52598
0.1367 20.2 2.76134
0.1269 26.3 3.33747
0.1542 21.8 3.36156
0.2004 32 6.4128
0.1716 26.2 4.49592
0.1131 23.9 2.70309
0.1247 23.1 2.88057
0.1467 14.3 2.09781
0.3785 5.9 2.23315
0.3675 8.7 3.19725
0.1778 14.6 2.59588
0.1196 17.6 2.10496
0.164 17.9 2.9356
0.1434 23.8 3.41292
0.3043 7.7 2.34311
0.1286 46.9 6.03134
0.1441 14 2.0174
0.1006 23.6 2.37416
0.142 15.3 2.1726
0.3219 9 2.8971
0.1284 32.3 4.14732
0.1066 24.6 2.62236
0.1251 34 4.2534
0.1069 22.9 2.44801
0.1634 12.5 2.0425
0.1012 21.9 2.21628
0.116 54.1 6.2756
0.2414 14.7 3.54858
0.1025 84.4 8.651
0.1214 100.7 12.225
0.128 16.6 2.1248
0.2199 9.7 2.13303
0.2073 9.7 2.01081
0.2492 11.8 2.94056
0.1147 37.3 4.27831
0.126 60.8 7.6608
0.1746 14.5 2.5317
0.1227 21.3 2.61351
0.1206 18.5 2.2311
0.1212 34.7 4.20564
0.122 80.6 9.8332
0.1141 29.8 3.40018
0.1223 23.6 2.88628
0.1217 68 8.2756
0.1376 16.4 2.25664
0.2641 21.5 5.67815
0.1464 43.6 6.38304
0.1281 26.7 3.42027
0.1049 22.4 2.34976
0.1035 27.2 2.8152
0.1573 17.6 2.76848
0.1056 25.8 2.72448
0.1927 42.6 8.20902
0.1315 17.2 2.2618
0.1887 11 2.0757
0.3086 15.1 4.65986
0.166 17.6 2.9216
0.1538 17.8 2.73764
0.1414 16.8 2.37552
0.1137 79.7 9.06189
0.1365 39 5.3235
0.119 42.9 5.1051
0.1222 102 12.4644
0.3159 6.5 2.05335
0.1356 17.5 2.373
0.1353 61.7 8.34801
0.1362 32.4 4.41288
0.1172 44.4 5.20368
0.101 23.1 2.3331
0.1062 20.2 2.14524
0.1633 14.7 2.40051
0.1118 56.5 6.3167
0.114 509.6 58.0944
0.17 26.5 4.505
0.1069 21.8 2.33042
0.1185 47.9 5.67615
0.1051 19.6 2.05996
0.1259 18 2.2662
0.1322 37 4.8914
0.1116 28.9 3.22524
0.1277 39.5 5.04415
0.2165 18.6 4.0269
0.1327 19.4 2.57438
0.2344 8.7 2.03928
0.4246 6.8 2.88728
0.2866 25.5 7.3083
0.1159 18.9 2.19051
0.1318 28.1 3.70358
0.2604 17.9 4.66116
0.1084 59.8 6.48232
0.1047 20.7 2.16729
0.1074 20.8 2.23392
0.2148 12.7 2.72796
0.1461 14.2 2.07462
0.1478 48 7.0944
0.1197 29.8 3.56706
0.1411 18.7 2.63857
0.1045 26 2.717
0.1197 22.2 2.65734
0.1442 16.1 2.32162
0.122 41.2 5.0264
0.133 25.3 3.3649
0.1527 14.8 2.25996
0.1303 15.7 2.04571
0.1398 26.4 3.69072
0.1146 53.9 6.17694
0.1387 31.5 4.36905
0.2807 13.4 3.76138
0.1201 25.3 3.03853
0.111 62.9 6.9819
0.1132 17.8 2.01496
0.1119 30.7 3.43533
0.1921 11 2.1131
0.1616 82.1 13.2674
0.1571 118.7 18.6478
0.1648 12.6 2.07648
0.1218 23 2.8014
0.1364 14.9 2.03236
0.1757 82.5 14.4953
0.1214 149.4 18.1372
0.1426 31.4 4.47764
0.2017 10 2.017
0.1543 76.3 11.7731
0.1715 24.8 4.2532
0.138 38.4 5.2992
0.1209 18.2 2.20038
0.119 18.6 2.2134
0.1193 105.5 12.5861
0.1417 24.1 3.41497
0.102 31.7 3.2334
0.124 143.6 17.8064
0.2097 31.5 6.60555
0.3922 6 2.3532
0.2433 12.3 2.99259
0.1396 29.8 4.16008
0.131 19.3 2.5283
0.1085 24.7 2.67995
0.2376 8.9 2.11464
0.1043 30.9 3.22287
0.1023 30.3 3.09969
0.1971 11.7 2.30607
0.1124 25.2 2.83248
0.1137 22.4 2.54688
0.2317 9.1 2.10847
0.1465 68.8 10.0792
0.2145 13.9 2.98155
0.2953 7.7 2.27381
0.1737 19.9 3.45663
0.117 18.1 2.1177
0.1869 25 4.6725
0.1979 24.7 4.88813
0.1097 24.6 2.69862
0.134 26.3 3.5242
0.1337 15.5 2.07235
0.1508 14 2.1112
0.1089 21.7 2.36313
0.1586 14.1 2.23626
0.1037 35.6 3.69172
0.1037 34.9 3.61913
0.1979 11.5 2.27585
0.1942 11.6 2.25272
0.1165 23.6 2.7494
0.2569 16 4.1104
0.2069 11 2.2759
0.1231 20 2.462
0.2012 11.6 2.33392
0.1086 19.2 2.08512
0.1326 15.4 2.04204
0.3552 10.2 3.62304
0.2026 13.5 2.7351
0.1477 42.1 6.21817
0.1562 15.4 2.40548
0.1037 32 3.3184
0.1851 12 2.2212
0.183 19.5 3.5685
0.1099 21.2 2.32988
0.1268 18.6 2.35848
0.1423 25.3 3.60019
0.1033 22.6 2.33458
0.1264 22.2 2.80608
0.1546 27.2 4.20512
0.1125 22.5 2.53125
0.1837 11.8 2.16766
0.1484 21.7 3.22028
0.1448 27 3.9096
0.1931 11.1 2.14341
0.1068 30.7 3.27876
0.1735 13.6 2.3596
0.1753 19.7 3.45341
0.1637 14.5 2.37365
0.1432 14.3 2.04776
0.1122 18.2 2.04204
0.1438 14 2.0132
0.1336 79.5 10.6212
0.1087 40.6 4.41322
0.1875 10.7 2.00625
0.128 17.5 2.24
0.1296 18.3 2.37168
0.1084 22.8 2.47152
0.1456 16.2 2.35872
0.1009 25.2 2.54268
0.1598 26.4 4.21872
0.1606 22.1 3.54926
0.2062 19.8 4.08276
0.1594 64 10.2016
0.1286 17.1 2.19906
0.1093 47.7 5.21361
0.1591 16.9 2.68879
0.2424 34.4 8.33856
0.2539 90.1 22.8764
0.1196 44.4 5.31024
0.2248 13.2 2.96736
0.1212 19.8 2.39976
0.3316 14 4.6424
0.1085 23 2.4955
0.1196 62.8 7.51088
0.1237 47.8 5.91286
0.2718 10 2.718
0.1414 16 2.2624
0.1896 20.7 3.92472
0.1164 100.5 11.6982
0.1176 43.9 5.16264
0.1073 24.9 2.67177
0.1105 22.3 2.46415
0.1436 14.3 2.05348
0.1433 22 3.1526
0.1807 14.7 2.65629
0.1811 15.9 2.87949
0.1049 22.1 2.31829
0.1199 18 2.1582
0.1176 18.7 2.19912
0.1211 21.5 2.60365
0.1036 49 5.0764
0.1372 15.9 2.18148
0.2401 8.8 2.11288
0.173 28.8 4.9824
0.153 18.8 2.8764
0.1712 40.8 6.98496
0.104 61.1 6.3544
0.2325 15.8 3.6735
0.2204 10.8 2.38032
0.1528 23.1 3.52968
0.125 50.9 6.3625
0.1272 19.6 2.49312
0.131 21.4 2.8034
0.1765 46.4 8.1896
0.1195 100.8 12.0456
0.1248 23.4 2.92032
0.1051 28.8 3.02688
0.2001 11.5 2.30115
0.1126 37.3 4.19998
0.1642 36.6 6.00972
0.153 17 2.601
0.1168 18.6 2.17248
0.1613 16.4 2.64532
0.1018 40.7 4.14326
0.1182 28.1 3.32142
0.1325 21.2 2.809
0.2212 19.3 4.26916
0.1238 24.7 3.05786
0.1088 29.7 3.23136
0.1019 22.5 2.29275
0.1048 28.3 2.96584
0.1667 34.6 5.76782
0.1497 19.5 2.91915
0.1009 36 3.6324
0.1624 34.4 5.58656
0.3614 8.2 2.96348
0.1397 22.2 3.10134
0.1018 21.9 2.22942
0.1011 27.3 2.76003
0.104 21 2.184
0.2335 14.8 3.4558
0.16 21.6 3.456
0.1117 20.9 2.33453
0.1045 22.6 2.3617
0.1241 33.8 4.19458
0.1394 51 7.1094
0.2706 11.6 3.13896
0.3867 6.5 2.51355
0.1352 15.3 2.06856
0.1046 46.5 4.8639
0.1072 22.1 2.36912
0.2645 12.8 3.3856
0.4099 8.1 3.32019
0.1096 121.4 13.3054
0.2881 9.4 2.70814
0.1345 24.6 3.3087
0.1324 20.9 2.76716
0.1004 34.8 3.49392
0.2082 9.8 2.04036
0.1198 21.5 2.5757
0.1294 22.2 2.87268
0.1068 30.9 3.30012
0.1109 37.1 4.11439
0.1006 106 10.6636
0.2148 11.9 2.55612
0.1013 25.3 2.56289
0.1107 62.2 6.88554
0.1041 33.3 3.46653
0.2602 105.2 27.373
0.1602 27.3 4.37346
