0.1029 37.8 3.88962
0.1185 21.5 2.54775
0.1417 24.8 3.51416
0.1274 17.4 2.21676
0.1453 25.5 3.70515
0.2134 17.5 3.7345
0.1049 21.3 2.23437
0.2549 30 7.647
0.1087 42.6 4.63062
0.1078 22 2.3716
0.1413 30.2 4.26726
0.2357 24 5.6568
0.2202 19.1 4.20582
0.1512 27.3 4.12776
0.1287 41.2 5.30244
0.2263 11.9 2.69297
0.1398 27 3.7746
0.1155 21.9 2.52945
0.1084 21.1 2.28724
0.159 17.4 2.7666
0.1985 17.7 3.51345
0.1147 23.3 2.67251
0.1239 25.6 3.17184
0.2126 18.2 3.86932
0.1093 23.5 2.56855
0.1241 42.6 5.28666
0.2588 13.1 3.39028
0.1739 19.9 3.46061
0.1367 17 2.3239
0.1523 16.1 2.45203
0.1027 23.4 2.40318
0.1205 18.7 2.25335
0.134 25.2 3.3768
0.2443 14.2 3.46906
0.114 109 12.426
0.1017 73.5 7.47495
0.1151 50.7 5.83557
0.1145 69 7.9005
0.108 192.7 20.8116
0.3377 8.4 2.83668
0.1533 26.5 4.06245
0.157 28.5 4.4745
0.1379 16.2 2.23398
0.1271 16.3 2.07173
0.1512 15.6 2.35872
0.1156 35.7 4.12692
0.1448 20 2.896
0.3074 13.1 4.02694
0.1144 28.4 3.24896
0.1276 20.5 2.6158
0.2969 11.8 3.50342
0.1198 19.9 2.38402
0.1986 29.1 5.77926
0.1247 19.5 2.43165
0.11 36.7 4.037
0.1128 36.3 4.09464
0.1361 17.2 2.34092
0.1175 51.1 6.00425
0.2701 30.7 8.29207
0.2162 19.4 4.19428
0.1345 20.7 2.78415
0.211 11.6 2.4476
0.2971 8.9 2.64419
0.132 40.5 5.346
0.1073 32.6 3.49798
0.1043 23.8 2.48234
0.1217 48.6 5.91462
0.1054 95 10.013
0.201 11.1 2.2311
0.3709 7.3 2.70757
0.115 41.4 4.761
0.1599 48.7 7.78713
0.1546 52.6 8.13196
0.1129 38.2 4.31278
0.2131 34.3 7.30933
0.1379 28 3.8612
0.1343 43.6 5.85548
0.1146 22.8 2.61288
0.1093 76.3 8.33959
0.1018 50.4 5.13072
0.117 18.2 2.1294
0.1354 38.5 5.2129
0.1474 15.2 2.24048
0.1092 213.6 23.3251
0.1411 25.9 3.65449
0.1007 116.7 11.7517
0.1048 25.7 2.69336
0.1063 186.1 19.7824
0.2498 19.2 4.79616
0.1968 19.5 3.8376
0.1267 20.6 2.61002
0.2094 17.8 3.72732
0.2066 85.2 17.6023
0.1966 12.5 2.4575
0.1328 18 2.3904
0.1254 33.9 4.25106
0.1231 39.3 4.83783
0.1374 101.2 13.9049
0.1605 17.5 2.80875
0.2446 30.8 7.53368
0.1654 13.9 2.29906
0.1421 14.8 2.10308
0.1293 87.6 11.3267
0.1329 15.9 2.11311
0.1812 18.9 3.42468
0.1456 16.9 2.46064
0.2016 11.6 2.33856
0.1749 15.8 2.76342
0.112 35 3.92
0.1118 81 9.0558
0.1496 22.2 3.32112
0.1098 61.1 6.70878
0.305 13.3 4.0565
0.1456 143.1 20.8354
0.115 18.7 2.1505
0.1159 46 5.3314
0.1184 26.8 3.17312
0.2151 21.1 4.53861
0.1889 13.1 2.47459
0.1537 13.1 2.01347
0.2181 10.1 2.20281
0.1069 24.9 2.66181
0.1398 19.6 2.74008
0.1712 16.4 2.80768
0.2042 17.8 3.63476
0.2003 19.8 3.96594
0.1275 24.6 3.1365
0.1992 33.5 6.6732
0.1204 18.6 2.23944
0.1254 18.9 2.37006
0.1003 70.2 7.04106
0.1071 50.3 5.38713
0.217 15 3.255
0.1775 11.8 2.0945
0.2108 10.2 2.15016
0.1494 113.1 16.8971
0.1163 30.4 3.53552
0.1725 15.3 2.63925
0.1858 19.7 3.66026
0.1046 334.9 35.0305
0.1579 22.1 3.48959
0.1026 33.9 3.47814
0.2651 18.6 4.93086
0.1109 26.5 2.93885
0.1023 77.3 7.90779
0.1046 49 5.1254
0.1021 39.7 4.05337
0.1757 17.4 3.05718
0.126 52.8 6.6528
0.1512 37.3 5.63976
0.1791 13.1 2.34621
0.1321 15.3 2.02113
0.1127 48 5.4096
0.1122 20.1 2.25522
0.1682 14.3 2.40526
0.1106 22.7 2.51062
0.1287 22.5 2.89575
0.1769 14.5 2.56505
0.4695 6.1 2.86395
0.1207 20.3 2.45021
0.1427 20.7 2.95389
0.188 43.6 8.1968
0.1294 60.5 7.8287
0.1827 12.3 2.24721
0.1135 30.4 3.4504
0.1597 14.6 2.33162
0.1132 86.7 9.81444
0.1842 192.4 35.4401
0.1014 24.3 2.46402
0.2516 10.8 2.71728
0.1124 19.6 2.20304
0.1102 125.3 13.8081
0.1088 41.7 4.53696
0.1133 22 2.4926
0.1879 72.3 13.5852
0.1185 42.7 5.05995
0.129 24.5 3.1605
0.2095 63.7 13.3452
0.3746 53.3 19.9662
0.1615 14.3 2.30945
0.1118 19.2 2.14656
0.1214 18 2.1852
0.1635 27.5 4.49625
0.2137 116.5 24.896
0.226 11.7 2.6442
0.1443 167.9 24.228
0.1441 35.4 5.10114
0.1104 121.8 13.4467
0.1422 31.9 4.53618
0.1252 17.2 2.15344
0.1549 22.5 3.48525
0.1025 142.4 14.596
0.1655 85.2 14.1006
0.1049 66.1 6.93389
0.1064 39.9 4.24536
0.1813 57.9 10.4973
0.1803 92.4 16.6597
0.1377 32 4.4064
0.1405 20.4 2.8662
0.1099 56.8 6.24232
0.1551 26 4.0326
0.1026 21 2.1546
0.1059 33.2 3.51588
0.2137 10.5 2.24385
0.1003 22.6 2.26678
0.1346 21.9 2.94774
0.1184 227.9 26.9834
0.152 51.9 7.8888
0.1979 14.4 2.84976
0.2066 11.8 2.43788
0.1869 12.2 2.28018
0.2343 20.7 4.85001
0.1827 16.4 2.99628
0.1074 38.4 4.12416
0.1175 25.1 2.94925
0.2509 10.6 2.65954
0.1816 13.1 2.37896
0.1557 47.2 7.34904
0.1728 21.2 3.66336
0.1035 20.4 2.1114
0.1078 33.9 3.65442
0.1306 17.1 2.23326
0.1113 28.9 3.21657
0.14 16 2.24
0.1315 23.8 3.1297
0.1183 70.8 8.37564
0.1258 22.8 2.86824
0.1369 16.4 2.24516
0.1137 26.5 3.01305
0.1612 18 2.9016
0.1195 17.5 2.09125
0.4076 5.2 2.11952
0.3085 19.2 5.9232
0.1068 141.2 15.0802
0.1072 254.9 27.3253
0.2393 78.1 18.6893
0.1573 13.5 2.12355
0.3042 6.9 2.09898
0.1566 16.1 2.52126
0.1418 27.7 3.92786
0.101 38.6 3.8986
0.3478 6.3 2.19114
0.1758 28.6 5.02788
0.1741 14 2.4374
0.1289 17.7 2.28153
0.1115 32.5 3.62375
0.2284 14.3 3.26612
0.1093 32.2 3.51946
0.119 17.8 2.1182
0.141 51.4 7.2474
0.1034 19.5 2.0163
0.1437 15.7 2.25609
0.124 30.7 3.8068
0.1819 17.7 3.21963
0.13 51.2 6.656
0.1267 34 4.3078
0.1921 10.5 2.01705
0.1384 19.1 2.64344
0.1778 13.5 2.4003
0.1099 56.5 6.20935
0.2836 26.9 7.62884
0.111 65.1 7.2261
0.106 23.2 2.4592
0.1535 15.8 2.4253
0.1729 13.6 2.35144
0.1143 19.6 2.24028
0.1863 16.1 2.99943
0.1474 22.9 3.37546
0.1807 34.2 6.17994
0.1931 10.8 2.08548
0.2503 9.7 2.42791
0.1146 20.3 2.32638
0.111 20.8 2.3088
0.1278 17.4 2.22372
0.1133 23.7 2.68521
0.1478 18.6 2.74908
0.1766 14.3 2.52538
0.1223 54.7 6.68981
0.1187 31.8 3.77466
0.1224 19.7 2.41128
0.184 28.5 5.244
0.1067 39.9 4.25733
0.1185 83.8 9.9303
0.1573 74.6 11.7346
0.2068 16.7 3.45356
0.2726 11.5 3.1349
0.1508 36.7 5.53436
0.1128 23.5 2.6508
0.1088 143.7 15.6346
0.2672 8.7 2.32464
0.1124 20.1 2.25924
0.1537 18.7 2.87419
0.1246 34 4.2364
0.1341 21.2 2.84292
0.1492 38 5.6696
0.1248 49.7 6.20256
0.2364 11.5 2.7186
0.2102 12.7 2.66954
0.1115 30.8 3.4342
0.1055 46.7 4.92685
0.1287 60.6 7.79922
0.1005 22.9 2.30145
0.109 122 13.298
0.1065 22.9 2.43885
0.1663 34.3 5.70409
0.1334 17.3 2.30782
0.1893 12.4 2.34732
0.2551 8.3 2.11733
0.1649 12.5 2.06125
0.1946 11 2.1406
0.1876 13.4 2.51384
0.1019 29.9 3.04681
0.1823 23.4 4.26582
0.1105 96 10.608
0.1207 19.9 2.40193
0.1186 27.5 3.2615
0.1018 88.3 8.98894
0.1253 27.9 3.49587
0.1452 27.7 4.02204
0.1848 12.8 2.36544
0.229 44.2 10.1218
0.1781 13.7 2.43997
0.1069 30.8 3.29252
0.1915 50 9.575
0.1037 39.3 4.07541
0.1412 14.7 2.07564
0.1458 21.9 3.19302
0.108 22.2 2.3976
0.1201 38.8 4.65988
0.1437 25.4 3.64998
0.1299 16.8 2.18232
0.108 24 2.592
0.1315 16.9 2.22235
0.1547 14.8 2.28956
0.1234 30.8 3.80072
0.1357 22 2.9854
0.1819 13.1 2.38289
0.1043 43.3 4.51619
0.1309 20.7 2.70963
0.1323 15.4 2.03742
0.1807 11.2 2.02384
0.1306 20.9 2.72954
0.1025 35.2 3.608
0.1027 116.4 11.9543
0.1658 23.7 3.92946
0.2031 21.5 4.36665
0.4854 10.5 5.0967
0.1218 19.3 2.35074
0.1127 53.9 6.07453
0.3797 6.1 2.31617
0.2056 26.8 5.51008
0.3488 13.6 4.74368
0.1084 21.5 2.3306
0.1231 30.7 3.77917
0.1142 28.9 3.30038
0.2956 12.5 3.695
0.1076 25 2.69
0.1397 107.1 14.9619
0.1267 32.4 4.10508
0.1175 119.5 14.0412
0.1429 24.8 3.54392
0.2691 22.2 5.97402
0.1186 40.2 4.76772
