0
0
0
34000
34000
34000
34000
34000
34000
34000
34000
34000
0
0
0
0
0
0
0
110500
110500
110500
110500
110500
0
0
0
0
0
0
0
0
0
0
0
0
0
0
0
0
0
0
0
0
0
0
0
0
0
0
0
0
0
0
0
0
0
0
0
0
0
0
0
0
0
0
0
0
0
0
0
0
0
0
0
0
0
0
0
0
0
0
0
0
0
0
0
0
0
0
0
0
0
0
0
0
0
0
0
0
0
0
0
0
0
0
0
0
0
0
0
0
0
0
0
0
0
0
0
0
0
0
0
0
0
0
0
0
0
0
0
0
0
0
0
0
0
0
0
0
0
0
0
0
0
0
0
0
0
0
0
0
0
0
0
0
0
0
0
0
0
0
0
0
0
0
0
0
0
0
0
0
0
0
0
0
0
0
0
0
0
0
0
0
0
0
0
0
0
0
0
0
0
0
0
0
0
0
0
0
0
0
0
136000
0
0
0
0
0
0
0
0
0
0
0
0
0
0
0
0
0
0
0
0
0
0
0
0
0
0
0
20500
20500
20500
20500
20500
20500
20500
20500
20500
0
0
0
0
0
0
0
0
0
0
0
0
0
0
54500
54500
54500
54500
54500
54500
54500
54500
54500
54500
0
0
0
0
0
0
0
0
0
0
0
0
0
0
0
0
0
0
0
0
0
0
0
0
0
0
0
0
0
0
0
0
0
0
0
0
0
0
0
0
0
0
0
0
0
0
0
0
0
0
0
0
0
0
0
0
0
0
0
0
0
49000
49000
49000
49000
49000
49000
49000
49000
49000
49000
49000
0
0
0
0
0
0
0
0
0
0
0
0
0
0
0
0
0
0
0
0
0
128000
128000
128000
0
0
0
0
0
0
0
92000
92000
92000
92000
92000
0
0
0
0
0
0
0
0
0
0
0
0
0
58500
58500
58500
58500
58500
58500
58500
58500
58500
58500
58500
0
0
0
0
0
0
0
0
0
0
0
0
0
0
0
0
0
0
0
0
0
0
0
0
0
0
0
0
0
0
0
0
0
0
243000
243000
0
0
0
0
0
0
0
0
0
0
0
0
0
0
0
19500
19500
19500
19500
67500
67500
67500
67500
218000
0
0
0
0
0
0
0
0
0
132000
132000
132000
0
0
0
0
0
0
0
0
0
0
0
0
0
0
0
0
0
0
0
0
98500
98500
98500
98500
0
0
0
0
0
0
0
0
0
0
184000
184000
0
0
0
0
0
0
0
0
0
0
0
0
0
0
0
0
0
0
0
0
0
0
0
0
0
110000
110000
110000
110000
110000
110000
110000
110000
110000
110000
110000
0
121500
121500
121500
121500
121500
121500
121500
121500
121500
121500
121500
0
0
0
0
0
0
0
0
0
0
0
0
49500
49500
49500
49500
49500
49500
49500
49500
49500
49500
49500
49500
0
0
0
0
0
0
0
0
0
0
0
0
0
0
0
0
0
0
0
0
0
0
0
0
0
0
0
0
0
0
144000
144000
144000
144000
144000
144000
