0 990000
1 990000
2 990000
3 990000
4 980000
5 970000
6 970000
7 960000
8 950000
9 950000
10 950000
11 940000
12 930000
13 910000
14 900000
15 890000
16 890000
17 880000
18 870000
19 870000
20 870000
21 870000
22 840000
23 840000
24 840000
25 830000
26 830000
27 810000
28 800000
29 800000
30 790000
31 790000
32 780000
33 760000
34 750000
35 730000
36 720000
37 818000
38 808000
39 808000
40 1601000
41 1591000
42 1581000
43 1561000
44 1561000
45 1561000
46 1551000
47 1541000
48 1541000
49 1511000
50 1511000
51 1511000
52 1491000
53 1471000
54 1461000
55 1461000
56 1461000
57 1461000
58 1451000
59 1431000
60 1431000
61 1431000
62 1401000
63 1401000
64 1391000
65 1391000
66 1381000
67 1381000
68 1381000
69 1371000
70 1361000
71 1341000
72 1341000
73 1341000
74 1321000
75 1321000
76 1311000
77 1291000
78 1291000
79 1281000
80 1261000
81 1251000
82 1241000
83 1241000
84 1231000
85 1211000
86 1181000
87 1171000
88 1161000
89 1161000
90 1151000
91 1141000
92 1131000
93 1131000
94 1279000
95 1279000
96 1279000
97 1279000
98 1269000
99 1269000
100 1269000
101 1269000
102 1249000
103 1239000
104 1229000
105 1209000
106 1209000
107 1189000
108 1179000
109 1169000
110 1149000
111 1139000
112 1139000
113 1216000
114 1206000
115 1186000
116 1156000
117 1136000
118 1116000
119 1096000
120 1096000
121 1076000
122 1076000
123 1066000
124 1056000
125 1046000
126 1046000
127 1026000
128 1016000
129 1006000
130 1006000
131 996000
132 976000
133 976000
134 966000
135 966000
136 956000
137 936000
138 926000
139 926000
140 906000
141 906000
142 886000
143 886000
144 856000
145 836000
146 836000
147 826000
148 953000
149 943000
150 943000
151 943000
152 943000
153 923000
154 923000
155 913000
156 903000
157 883000
158 873000
159 873000
160 873000
161 873000
162 863000
163 853000
164 843000
165 843000
166 833000
167 833000
168 833000
169 823000
170 823000
171 803000
172 793000
173 793000
174 793000
175 783000
176 783000
177 783000
178 783000
179 783000
180 783000
181 783000
182 773000
183 763000
184 763000
185 881000
186 851000
187 851000
188 851000
189 851000
190 851000
191 1010000
192 1000000
193 990000
194 980000
195 960000
196 940000
197 940000
198 930000
199 910000
200 900000
201 1021000
202 1021000
203 1011000
204 1185000
205 1185000
206 1185000
207 1165000
208 1190000
209 1180000
210 1180000
211 1180000
212 1170000
213 1160000
214 1150000
215 1150000
216 1130000
217 1110000
218 1070000
219 1060000
220 1060000
221 1050000
222 1040000
223 1020000
224 1000000
225 1000000
226 990000
227 990000
228 990000
229 980000
230 980000
231 970000
232 970000
233 960000
234 950000
235 930000
236 920000
237 890000
238 890000
239 890000
240 890000
241 860000
242 860000
243 850000
244 850000
245 850000
246 840000
247 830000
248 820000
249 810000
250 800000
251 790000
252 780000
253 780000
254 760000
255 740000
256 730000
257 730000
258 730000
259 720000
260 720000
261 710000
262 690000
263 690000
264 690000
265 680000
266 670000
267 660000
268 660000
269 660000
270 660000
271 650000
272 640000
273 620000
274 620000
275 600000
276 590000
277 590000
278 590000
279 580000
280 645000
281 645000
282 635000
283 625000
284 605000
285 595000
286 585000
287 585000
288 585000
289 575000
290 565000
291 555000
292 555000
293 663000
294 653000
295 633000
296 633000
297 633000
298 633000
299 623000
300 623000
301 613000
302 613000
303 613000
304 613000
305 593000
306 573000
307 553000
308 553000
309 553000
310 553000
311 543000
312 533000
313 1108000
314 1098000
315 1098000
316 1088000
317 1088000
318 1211000
319 1201000
320 1415000
321 1415000
322 1415000
323 1415000
324 1385000
325 1385000
326 1375000
327 1375000
328 1365000
329 1365000
330 1365000
331 1335000
332 1335000
333 1325000
334 1295000
335 1285000
336 1427000
337 1427000
338 1417000
339 1417000
340 1417000
341 1397000
342 1397000
343 1397000
344 1387000
345 1387000
346 1377000
347 1377000
348 1367000
349 1357000
350 1337000
351 1337000
352 1327000
353 1317000
354 1317000
355 1317000
356 1287000
357 1277000
358 1267000
359 1257000
360 1247000
361 1247000
362 1237000
363 1227000
364 1217000
365 1207000
366 1207000
367 1197000
368 1167000
369 1157000
370 1147000
371 1117000
372 1117000
373 1107000
374 1087000
375 1077000
376 1077000
377 1067000
378 1057000
379 1057000
380 1361000
381 1351000
382 1331000
383 1331000
384 1321000
385 1321000
386 1321000
387 1392000
388 1392000
389 1372000
390 1372000
391 1352000
392 1342000
393 1342000
394 1342000
395 1342000
396 1332000
397 1312000
398 1302000
399 1302000
400 1302000
401 1302000
402 1272000
403 1262000
404 1262000
405 1252000
406 1242000
407 1232000
408 1232000
409 1222000
410 1222000
411 1222000
412 1222000
413 1212000
414 1202000
415 1182000
416 1172000
417 1172000
418 1172000
419 1152000
420 1142000
421 1132000
422 1122000
423 1112000
424 1102000
425 1082000
426 1072000
427 1072000
428 1072000
429 1052000
430 1032000
431 1032000
432 1012000
433 1002000
434 1002000
435 992000
436 982000
437 982000
438 982000
439 982000
440 962000
441 952000
442 942000
443 922000
444 912000
445 892000
446 892000
447 872000
448 1133000
449 1133000
450 1123000
451 1113000
452 1083000
453 1083000
454 1220000
455 1210000
456 1210000
457 1200000
458 1180000
459 1170000
460 1160000
461 1150000
462 1140000
463 1120000
464 1110000
465 1100000
466 1100000
467 1100000
468 1090000
469 1080000
470 1080000
471 1080000
472 1080000
473 1070000
474 1070000
475 1060000
476 1060000
477 1050000
478 1030000
479 1066000
480 1036000
481 1026000
482 1006000
483 1006000
484 996000
485 986000
486 986000
487 976000
488 976000
489 976000
490 976000
491 966000
492 946000
493 936000
494 996000
495 976000
496 966000
497 966000
498 936000
499 936000
500 916000
501 906000
502 906000
503 906000
504 906000
505 906000
