0 990000
1 990000
2 990000
3 990000
4 990000
5 990000
6 980000
7 970000
8 1067000
9 1057000
10 1057000
11 1057000
12 1057000
13 1057000
14 1047000
15 1037000
16 1027000
17 1027000
18 1027000
19 1017000
20 1007000
21 1007000
22 997000
23 997000
24 997000
25 987000
26 977000
27 977000
28 977000
29 1301000
30 1291000
31 1291000
32 1291000
33 1281000
34 1261000
35 1261000
36 1261000
37 1241000
38 1241000
39 1231000
40 1231000
41 1221000
42 1211000
43 1201000
44 1201000
45 1181000
46 1171000
47 1161000
48 1151000
49 1141000
50 1131000
51 1131000
52 1111000
53 1101000
54 1101000
55 1101000
56 1101000
57 1091000
58 1091000
59 1091000
60 1091000
61 1279000
62 1269000
63 1269000
64 1259000
65 1259000
66 1259000
67 1249000
68 1249000
69 1229000
70 1229000
71 1219000
72 1199000
73 1189000
74 1189000
75 1179000
76 1179000
77 1179000
78 1179000
79 1179000
80 1169000
81 1169000
82 1159000
83 1159000
84 1159000
85 1159000
86 1159000
87 1159000
88 1149000
89 1149000
90 1139000
91 1129000
92 1119000
93 1119000
94 1099000
95 1099000
96 1069000
97 1069000
98 1059000
99 1049000
100 1039000
101 1039000
102 1019000
103 1009000
104 999000
105 989000
106 979000
107 979000
108 979000
109 979000
110 959000
111 949000
112 949000
113 949000
114 929000
115 919000
116 899000
117 899000
118 899000
119 889000
120 879000
121 879000
122 879000
123 879000
124 879000
125 869000
126 869000
127 869000
128 869000
129 869000
130 869000
131 859000
132 839000
133 819000
134 809000
135 809000
136 799000
137 799000
138 789000
139 789000
140 779000
141 779000
142 759000
143 749000
144 739000
145 719000
146 699000
147 689000
148 649000
149 649000
150 639000
151 629000
152 619000
153 619000
154 619000
155 619000
156 609000
157 599000
158 589000
159 589000
160 589000
161 589000
162 579000
163 569000
164 549000
165 539000
166 539000
167 539000
168 529000
169 529000
170 519000
171 509000
172 509000
173 509000
174 509000
175 499000
176 499000
177 489000
178 479000
179 479000
180 479000
181 459000
182 459000
183 449000
184 449000
185 449000
186 524000
187 514000
188 514000
189 504000
190 504000
191 504000
192 504000
193 504000
194 494000
195 494000
196 484000
197 464000
198 454000
199 444000
200 519000
201 519000
202 509000
203 509000
204 499000
205 593000
206 593000
207 593000
208 593000
209 583000
210 573000
211 563000
212 563000
213 553000
214 543000
215 533000
216 523000
217 523000
218 513000
219 513000
220 503000
221 503000
222 503000
223 503000
224 493000
225 493000
226 473000
227 453000
228 453000
229 443000
230 433000
231 413000
232 413000
233 413000
234 403000
235 393000
236 393000
237 393000
238 383000
239 383000
240 383000
241 383000
242 383000
243 373000
244 363000
245 363000
246 353000
247 343000
248 343000
249 333000
250 333000
251 313000
252 303000
253 303000
254 303000
255 293000
256 283000
257 263000
258 263000
259 263000
260 263000
261 253000
262 253000
263 253000
264 243000
265 233000
266 223000
267 213000
268 203000
269 193000
270 193000
271 193000
272 163000
273 153000
274 143000
275 123000
276 113000
277 103000
278 73000
279 73000
280 43000
281 33000
282 33000
283 33000
284 33000
285 23000
286 23000
287 13000
288 3000
289 -17000
290 -27000
291 -37000
292 -47000
293 -57000
294 -57000
295 -57000
296 -57000
297 -57000
298 -87000
299 -97000
300 -97000
301 -97000
302 -107000
303 -117000
304 -117000
305 -127000
306 -127000
307 -137000
308 -157000
309 -157000
310 -157000
311 -167000
312 -197000
313 -207000
314 -207000
315 -207000
316 -217000
317 -217000
318 -227000
319 -237000
320 -237000
321 -247000
322 -247000
323 795000
324 785000
325 785000
326 785000
327 775000
328 765000
329 755000
330 745000
331 745000
332 745000
333 745000
334 735000
335 725000
336 705000
337 705000
338 695000
339 685000
340 685000
341 685000
342 665000
343 655000
344 655000
345 645000
346 645000
347 625000
348 615000
349 615000
350 605000
351 595000
352 575000
353 565000
354 535000
355 1055000
356 1055000
357 1055000
358 1055000
359 1055000
360 1055000
361 1035000
362 1035000
363 1035000
364 1025000
365 1015000
366 1005000
367 1062000
368 1062000
369 1062000
370 1062000
371 1062000
372 1052000
373 1042000
374 1032000
375 1032000
376 1022000
377 1012000
378 1012000
379 992000
380 992000
381 992000
382 992000
383 972000
384 952000
385 952000
386 942000
387 932000
388 912000
389 902000
390 882000
391 872000
392 872000
393 872000
394 1616000
395 1616000
396 1616000
397 1606000
398 1606000
399 1596000
400 1596000
401 1586000
402 1586000
403 1586000
404 1566000
405 1556000
406 1556000
407 1630000
408 1610000
409 1610000
410 1600000
411 1590000
412 1590000
413 1580000
414 1560000
415 1550000
416 1530000
417 1520000
418 1520000
419 1610000
420 1610000
421 1610000
422 1590000
423 1570000
424 1742000
425 1732000
426 1722000
427 1722000
428 1712000
429 1702000
430 1702000
431 1702000
432 1702000
433 1692000
434 1692000
435 1682000
436 1662000
437 1652000
438 1652000
439 1642000
440 1642000
441 1622000
442 1612000
443 1602000
444 1602000
445 1602000
446 1592000
447 1592000
448 1572000
449 1562000
450 1562000
451 1562000
452 1562000
453 1552000
454 1542000
455 1532000
456 1532000
457 1522000
458 1522000
459 1512000
460 1512000
461 1502000
462 1502000
463 1492000
464 1492000
465 1482000
466 1482000
467 1482000
468 1472000
469 1452000
470 1452000
471 1442000
472 1432000
473 1618000
474 1618000
475 1618000
476 1608000
477 1608000
478 1598000
479 1588000
480 1578000
481 1578000
482 1568000
483 1558000
484 1558000
485 1558000
486 1538000
487 1528000
488 1528000
489 1528000
490 1528000
491 1518000
492 1498000
493 1488000
494 1468000
495 1468000
496 1458000
497 1458000
498 1458000
499 1458000
500 1458000
501 1458000
502 1458000
503 1448000
504 1438000
505 1428000
506 1418000
507 1525000
508 1505000
509 1705000
510 1705000
511 1695000
512 1695000
513 1685000
514 1675000
515 1665000
516 1635000
